4
6
8
9
10
12
14
15
16
18
20
21
22
24
25
26
27
28
30
32
33
34
35
36
38
39
40
42
44
45
46
48
49
50
51
52
54
55
56
57
58
60
62
63
64
65
66
68
69
70
72
74
75
76
77
78
80
81
82
84
85
86
87
88
90
91
92
93
94
95
96
98
99
100
102
104
105
106
108
110
111
112
114
115
116
117
118
119
120
121
122
123
124
125
126
129
130
132
133
134
135
136
138
140
141
142
143
144
145
146
147
148
150
152
153
154
155
156
158
159
160
161
164
165
166
168
169
170
171
172
174
175
176
177
178
180
182
183
184
185
186
187
188
189
190
194
195
196
198
200
201
202
203
204
205
206
207
208
209
210
212
213
214
215
217
218
219
220
221
222
224
225
226
228
230
231
232
234
235
236
237
238
240
242
244
245
246
247
248
249
250
252
253
254
255
258
259
260
261
262
264
265
266
267
268
272
273
274
275
276
278
279
280
282
284
285
286
287
289
290
291
292
294
295
296
297
299
301
303
304
305
306
308
309
310
312
315
316
318
319
321
322
323
325
327
328
329
330
332
333
335
336
338
339
340
341
342
343
344
345
348
350
351
352
354
355
356
357
361
363
364
365
366
368
369
370
371
372
374
376
377
380
381
385
387
388
390
391
393
395
396
399
402
403
404
406
407
408
410
411
412
413
414
415
416
417
418
423
424
425
426
427
428
429
430
434
435
436
437
438
440
442
444
445
451
452
455
456
459
460
462
464
465
468
469
470
472
473
474
475
476
477
481
483
484
485
488
492
493
494
495
496
497
498
505
506
507
508
510
511
513
515
516
517
518
520
522
524
527
528
529
530
531
532
533
534
535
536
539
544
545
546
548
549
550
551
552
553
555
556
558
559
561
564
565
568
570
572
574
575
578
580
581
582
583
584
585
589
590
592
595
598
602
603
606
608
609
610
611
612
615
618
620
621
623
624
627
629
632
635
636
637
638
639
642
644
645
646
649
650
651
654
655
656
657
658
663
664
665
666
667
670
671
678
679
680
682
684
685
688
689
690
695
696
697
703
705
707
708
710
711
712
713
714
721
722
725
730
731
732
736
737
738
740
741
742
744
747
748
749
752
754
759
760
762
763
765
767
774
775
776
777
779
781
782
783
786
790
791
793
795
798
799
801
803
804
805
806
808
812
814
816
817
820
822
824
826
828
830
833
834
836
837
841
846
848
850
851
852
854
855
856
860
861
868
869
870
871
872
873
874
876
885
888
889
890
893
897
899
901
902
903
904
909
912
913
915
917
920
923
925
927
928
930
931
938
940
943
944
946
948
949
950
954
957
959
961
962
963
966
970
973
976
979
981
984
986
987
989
992
994
996
999
1003
1005
1007
1010
1012
1015
1016
1017
1022
1023
1025
1027
1030
1032
1034
1035
1036
1037
1044
1048
1054
1058
1060
1062
1065
1066
1067
1068
1070
1072
1073
1075
1079
1081
1085
1090
1095
1096
1098
1102
1104
1106
1107
1110
1111
1112
1113
1116
1118
1121
1127
1128
1130
1131
1133
1136
1139
1143
1147
1148
1150
1157
1159
1160
1161
1162
1164
1166
1168
1175
1177
1178
1179
1180
1184
1185
1189
1199
1204
1206
1207
1209
1212
1218
1219
1220
1221
1222
1230
1233
1236
1239
1240
1241
1243
1245
1246
1247
1251
1258
1261
1264
1269
1270
1271
1272
1273
1276
1278
1281
1284
1290
1295
1298
1302
1305
1308
1310
1312
1313
1314
1316
1325
1328
1332
1333
1334
1335
1339
1340
1342
1343
1349
1353
1356
1357
1358
1363
1364
1369
1370
1376
1378
1387
1390
1391
1392
1394
1395
1397
1403
1406
1407
1410
1411
1414
1416
1417
1419
1420
1421
1422
1424
1426
1431
1435
1441
1442
1443
1450
1455
1457
1460
1462
1464
1469
1474
1475
1476
1480
1484
1488
1491
1494
1498
1501
1504
1505
1507
1513
1515
1517
1519
1524
1525
1526
1529
1533
1534
1537
1541
1545
1548
1550
1551
1552
1554
1558
1562
1572
1577
1580
1582
1586
1590
1591
1593
1598
1599
1602
1605
1606
1608
1616
1628
1633
1634
1635
1640
1643
1644
1645
1647
1648
1649
1651
1652
1659
1660
1665
1668
1675
1677
1679
1681
1691
1692
1695
1696
1702
1703
1704
1708
1711
1712
1717
1720
1722
1738
1739
1742
1743
1744
1746
1749
1751
1752
1763
1769
1770
1775
1776
1778
1780
1781
1786
1802
1804
1806
1807
1808
1809
1813
1817
1818
1819
1825
1826
1829
1830
1833
1834
1843
1845
1846
1849
1850
1853
1854
1855
1869
1876
1880
1886
1888
1891
1892
1896
1898
1905
1908
1909
1917
1918
1919
1921
1926
1927
1935
1940
1943
1946
1947
1952
1957
1958
1961
1962
1965
1968
1971
1974
1975
1978
1988
1992
2006
2009
2010
2013
2014
2020
2021
2032
2033
2034
2037
2044
2047
2050
2054
2055
2059
2060
2064
2065
2067
2068
2071
2074
2075
2077
2085
2096
2107
2115
2117
2120
2121
2124
2130
2133
2134
2135
2136
2140
2144
2147
2150
2158
2159
2162
2163
2173
2180
2183
2190
2192
2196
2201
2209
2211
2212
2222
2224
2225
2226
2227
2231
2241
2242
2247
2256
2257
2260
2263
2266
2272
2278
2279
2286
2289
2291
2301
2303
2314
2318
2323
2324
2328
2329
2332
2336
2343
2345
2350
2354
2358
2360
2363
2369
2370
2373
2379
2385
2398
2403
2407
2409
2412
2413
2414
2419
2424
2425
2438
2440
2449
2461
2466
2472
2478
2479
2482
2485
2486
2489
2490
2491
2492
2501
2502
2507
2522
2525
2528
2537
2540
2544
2546
2555
2556
2562
2568
2573
2575
2581
2596
2597
2599
2603
2607
2613
2616
2619
2620
2623
2626
2627
2628
2641
2650
2655
2656
2667
2670
2675
2678
2680
2684
2686
2698
2701
2712
2714
2716
2725
2727
2739
2740
2745
2747
2751
2759
2765
2769
2773
2774
2780
2781
2782
2794
2806
2813
2814
2822
2825
2828
2832
2834
2840
2844
2847
2848
2867
2877
2881
2882
2884
2889
2891
2905
2910
2911
2919
2920
2921
2923
2928
2929
2937
2938
2943
2948
2950
2982
2987
2988
2989
2993
2996
3002
3007
3013
3014
3015
3026
3030
3048
3050
3051
3052
3053
3058
3066
3071
3081
3082
3090
3103
3104
3115
3124
3131
3139
3144
3149
3151
3154
3160
3161
3164
3175
3193
3195
3197
3201
3204
3210
3212
3216
3232
3237
3239
3266
3270
3275
3277
3283
3285
3288
3293
3296
3298
3302
3317
3318
3320
3333
3336
3337
3350
3358
3379
3382
3390
3395
3397
3399
3403
3406
3408
3424
3425
3429
3431
3434
3471
3475
3476
3479
3486
3488
3492
3502
3503
3504
3531
3535
3537
3550
3555
3556
3560
3562
3569
3577
3589
3597
3605
3614
3616
3634
3636
3638
3649
3650
3652
3668
3683
3686
3699
3706
3708
3713
3729
3735
3737
3738
3745
3753
3783
3792
3799
3810
3811
3815
3818
3827
3836
3838
3842
3852
3871
3880
3892
3901
3914
3916
3924
3930
3937
3939
3950
3955
3959
3973
3977
3984
4005
4017
4031
4033
4040
4061
4064
4066
4067
4068
4074
4094
4110
4120
4141
4142
4150
4170
4171
4173
4181
4183
4191
4192
4223
4242
4247
4251
4268
4272
4280
4294
4309
4318
4323
4326
4343
4360
4361
4365
4384
4387
4407
4429
4444
4445
4448
4450
4454
4462
4469
4494
4520
4521
4532
4545
4559
4572
4578
4585
4587
4601
4633
4635
4646
4656
4658
4687
4699
4708
4716
4726
4738
4746
4747
4753
4795
4796
4815
4826
4841
4847
4848
4850
4859
4865
4905
4922
4932
4944
4949
4953
4972
4978
5004
5014
5029
5047
5050
5069
5080
5085
5109
5123
5136
5143
5150
5198
5206
5207
5232
5240
5243
5282
5311
5334
5341
5343
5350
5371
5421
5424
5450
5461
5480
5502
5537
5560
5588
5617
5633
5650
5699
5715
5754
5764
5838
5842
5891
5895
5969
5977
6026
6028
6096
6116
6157
6165
6223
6255
6288
6302
6350
6394
6419
6439
6533
6550
6576
6672
6713
6811
6850
6950
