3
5
7
8
9
11
13
15
17
19
20
21
23
24
25
27
29
31
32
33
35
36
37
39
41
43
44
45
47
49
51
52
53
55
56
57
59
61
63
65
67
68
69
71
73
75
76
77
79
80
81
83
84
85
87
89
91
92
93
95
96
97
99
100
101
103
105
107
108
109
111
113
115
116
117
119
121
123
125
127
128
129
131
132
133
135
137
139
140
141
143
145
147
148
149
151
153
155
156
157
159
161
163
164
165
167
169
171
172
173
175
176
177
179
180
181
183
185
187
188
189
191
193
195
196
197
199
201
203
204
205
207
208
209
211
212
213
215
217
219
220
221
223
224
225
227
228
229
231
233
235
236
237
239
240
241
243
244
245
247
248
249
251
253
255
257
259
260
261
263
265
267
268
269
271
272
273
275
276
277
279
281
283
284
285
287
288
289
291
292
293
295
297
299
300
301
303
304
305
307
308
309
311
313
315
316
317
319
320
321
323
324
325
327
329
331
332
333
335
337
339
340
341
343
345
347
348
349
351
353
355
356
357
359
361
363
364
365
367
368
369
371
372
373
375
377
379
380
381
383
384
385
387
388
389
391
393
395
396
397
399
400
401
403
404
405
407
409
411
412
413
415
417
419
420
421
423
425
427
428
429
431
432
433
435
436
437
439
441
443
444
445
447
449
451
452
453
455
457
459
460
461
463
464
465
467
468
469
471
473
475
476
477
479
481
483
484
485
487
489
491
492
493
495
497
499
500
501
503
505
507
509
511
512
513
515
516
517
519
521
523
524
525
527
528
529
531
532
533
535
537
539
540
541
543
545
547
548
549
551
553
555
556
557
559
560
561
563
564
565
567
569
571
572
573
575
577
579
580
581
583
585
587
588
589
591
592
593
595
596
597
599
601
603
604
605
607
609
611
612
613
615
617
619
620
621
623
624
625
627
628
629
631
633
635
636
637
639
641
643
644
645
647
649
651
652
653
655
656
657
659
660
661
663
665
667
668
669
671
672
673
675
676
677
679
681
683
684
685
687
688
689
691
692
693
695
697
699
700
701
703
704
705
707
708
709
711
713
715
716
717
719
721
723
724
725
727
729
731
732
733
735
737
739
740
741
743
745
747
748
749
751
752
753
755
756
757
759
761
763
764
765
767
769
771
772
773
775
777
779
780
781
783
784
785
787
788
789
791
793
795
796
797
799
801
803
804
805
807
809
811
812
813
815
816
817
819
820
821
823
825
827
828
829
831
832
833
835
836
837
839
841
843
844
845
847
848
849
851
852
853
855
857
859
860
861
863
865
867
868
869
871
873
875
876
877
879
880
881
883
884
885
887
889
891
892
893
895
896
897
899
900
901
903
905
907
908
909
911
912
913
915
916
917
919
921
923
924
925
927
929
931
932
933
935
937
939
940
941
943
944
945
947
948
949
951
953
955
956
957
959
960
961
963
964
965
967
969
971
972
973
975
976
977
979
980
981
983
985
987
988
989
991
992
993
995
996
997
999
1001
1003
1004
1005
1007
1008
1009
1011
1012
1013
1015
1016
1017
1019
1021
1023
1025
1027
1028
1029
1031
1033
1035
1036
1037
1039
1040
1041
1043
1044
1045
1047
1049
1051
1052
1053
1055
1057
1059
1060
1061
1063
1065
1067
1068
1069
1071
1072
1073
1075
1076
1077
1079
1081
1083
1084
1085
1087
1088
1089
1091
1092
1093
1095
1097
1099
1100
1101
1103
1104
1105
1107
1108
1109
1111
1113
1115
1116
1117
1119
1121
1123
1124
1125
1127
1129
1131
1132
1133
1135
1136
1137
1139
1140
1141
1143
1145
1147
1148
1149
1151
1152
1153
1155
1156
1157
1159
1161
1163
1164
1165
1167
1168
1169
1171
1172
1173
1175
1177
1179
1180
1181
1183
1185
1187
1188
1189
1191
1193
1195
1196
1197
1199
1200
1201
1203
1204
1205
1207
1209
1211
1212
1213
1215
1216
1217
1219
1220
1221
1223
1225
1227
1228
1229
1231
1232
1233
1235
1236
1237
1239
1241
1243
1244
1245
1247
1249
1251
1252
1253
1255
1257
1259
1260
1261
1263
1264
1265
1267
1268
1269
1271
1273
1275
1276
1277
1279
1280
1281
1283
1284
1285
1287
1289
1291
1292
1293
1295
1296
1297
1299
1300
1301
1303
1305
1307
1308
1309
1311
1313
1315
1316
1317
1319
1321
1323
1324
1325
1327
1328
1329
1331
1332
1333
1335
1337
1339
1340
1341
1343
1345
1347
1348
1349
1351
1353
1355
1356
1357
1359
1360
1361
1363
1364
1365
1367
1369
1371
1372
1373
1375
1377
1379
1380
1381
1383
1385
1387
1388
1389
1391
1392
1393
1395
1396
1397
1399
1401
1403
1404
1405
1407
1409
1411
1412
1413
1415
1417
1419
1420
1421
1423
1424
1425
1427
1428
1429
1431
1433
1435
1436
1437
1439
1441
1443
1444
1445
1447
1449
1451
1452
1453
1455
1456
1457
1459
1460
1461
1463
1465
1467
1468
1469
1471
1472
1473
1475
1476
1477
1479
1481
1483
1484
1485
1487
1489
1491
1492
1493
1495
1497
1499
1500
1501
1503
1505
1507
1508
1509
1511
1513
1515
1516
1517
1519
1520
1521
1523
1524
1525
1527
1529
1531
1532
1533
1535
1536
1537
1539
1540
1541
1543
1545
1547
1548
1549
1551
1552
1553
1555
1556
1557
1559
1561
1563
1564
1565
1567
1569
1571
1572
1573
1575
1577
1579
1580
1581
1583
1584
1585
1587
1588
1589
1591
1593
1595
1596
1597
1599
1600
1601
1603
1604
1605
1607
1609
1611
1612
1613
1615
1616
1617
1619
1620
1621
1623
1625
1627
1628
1629
1631
1633
1635
1636
1637
1639
1641
1643
1644
1645
1647
1648
1649
1651
1652
1653
1655
1657
1659
1660
1661
1663
1665
1667
1668
1669
1671
1673
1675
1676
1677
1679
1680
1681
1683
1684
1685
1687
1689
1691
1692
1693
1695
1697
1699
1700
1701
1703
1705
1707
1708
1709
1711
1712
1713
1715
1716
1717
1719
1721
1723
1724
1725
1727
1729
1731
1732
1733
1735
1737
1739
1740
1741
1743
1744
1745
1747
1748
1749
1751
1753
1755
1756
1757
1759
1761
1763
1764
1765
1767
1769
1771
1772
1773
1775
1776
1777
1779
1780
1781
1783
1785
1787
1788
1789
1791
1793
1795
1796
1797
1799
1801
1803
1804
1805
1807
1808
1809
1811
1812
1813
1815
1817
1819
1820
1821
1823
1825
1827
1828
1829
1831
1833
1835
1836
1837
1839
1840
1841
1843
1844
1845
1847
1849
1851
1852
1853
1855
1856
1857
1859
1860
1861
1863
1865
1867
1868
1869
1871
1872
1873
1875
1876
1877
1879
1881
1883
1884
1885
1887
1889
1891
1892
1893
1895
1897
1899
1900
1901
1903
1904
1905
1907
1908
1909
1911
1913
1915
1916
1917
1919
1921
1923
1924
1925
1927
1929
1931
1932
1933
1935
1936
1937
1939
1940
1941
1943
1945
1947
1948
1949
1951
1953
1955
1956
1957
1959
1961
1963
1964
1965
1967
1968
1969
1971
1972
1973
1975
1977
1979
1980
1981
1983
1985
1987
1988
1989
1991
1993
1995
1996
1997
1999
2000
2001
2003
2004
2005
2007
2009
2011
2012
2013
2015
2017
2019
2020
2021
2023
2025
2027
2028
2029
2031
2033
2035
2036
2037
2039
2041
2043
2045
2047
2048
2049
2051
2052
2053
2055
2057
2059
2060
2061
2063
2064
2065
2067
2068
2069
2071
2073
2075
2076
2077
2079
2081
2083
2084
2085
2087
2089
2091
2092
2093
2095
2096
2097
2099
2100
2101
2103
2105
2107
2108
2109
2111
2112
2113
2115
2116
2117
2119
2121
2123
2124
2125
2127
2128
2129
2131
2132
2133
2135
2137
2139
2140
2141
2143
2145
2147
2148
2149
2151
2153
2155
2156
2157
2159
2160
2161
2163
2164
2165
2167
2169
2171
2172
2173
2175
2177
2179
2180
2181
2183
2185
2187
2188
2189
2191
2192
2193
2195
2196
2197
2199
2201
2203
2204
2205
2207
2209
2211
2212
2213
2215
2217
2219
2220
2221
2223
2224
2225
2227
2228
2229
2231
2233
2235
2236
2237
2239
2240
2241
2243
2244
2245
2247
2249
2251
2252
2253
2255
2256
2257
2259
2260
2261
2263
2265
2267
2268
2269
2271
2273
2275
2276
2277
2279
2281
2283
2284
2285
2287
2288
2289
2291
2292
2293
2295
2297
2299
2300
2301
2303
2305
2307
2308
2309
2311
2313
2315
2316
2317
2319
2320
2321
2323
2324
2325
2327
2329
2331
2332
2333
2335
2337
2339
2340
2341
2343
2345
2347
2348
2349
2351
2352
2353
2355
2356
2357
2359
2361
2363
2364
2365
2367
2368
2369
2371
2372
2373
2375
2377
2379
2380
2381
2383
2384
2385
2387
2388
2389
2391
2393
2395
2396
2397
2399
2401
2403
2404
2405
2407
2409
2411
2412
2413
2415
2416
2417
2419
2420
2421
2423
2425
2427
2428
2429
2431
2433
2435
2436
2437
2439
2441
2443
2444
2445
2447
2448
2449
2451
2452
2453
2455
2457
2459
2460
2461
2463
2465
2467
2468
2469
2471
2473
2475
2476
2477
2479
2480
2481
2483
2484
2485
2487
2489
2491
2492
2493
2495
2496
2497
2499
2500
2501
2503
2505
2507
2508
2509
2511
2512
2513
2515
2516
2517
2519
2521
2523
2524
2525
2527
2529
2531
2532
2533
2535
2537
2539
2540
2541
2543
2544
2545
2547
2548
2549
2551
2553
2555
2556
2557
2559
2561
2563
2564
2565
2567
2569
2571
2572
2573
2575
2576
2577
2579
2580
2581
2583
2585
2587
2588
2589
2591
2593
2595
2596
2597
2599
2601
2603
2604
2605
2607
2608
2609
2611
2612
2613
2615
2617
2619
2620
2621
2623
2624
2625
2627
2628
2629
2631
2633
2635
2636
2637
2639
2640
2641
2643
2644
2645
2647
2649
2651
2652
2653
2655
2657
2659
2660
2661
2663
2665
2667
2668
2669
2671
2672
2673
2675
2676
2677
2679
2681
2683
2684
2685
2687
2688
2689
2691
2692
2693
2695
2697
2699
2700
2701
2703
2704
2705
2707
2708
2709
2711
2713
2715
2716
2717
2719
2721
2723
2724
2725
2727
2729
2731
2732
2733
2735
2736
2737
2739
2740
2741
2743
2745
2747
2748
2749
2751
2752
2753
2755
2756
2757
2759
2761
2763
2764
2765
2767
2768
2769
2771
2772
2773
2775
2777
2779
2780
2781
2783
2785
2787
2788
2789
2791
2793
2795
2796
2797
2799
2800
2801
2803
2804
2805
2807
2809
2811
2812
2813
2815
2816
2817
2819
2820
2821
2823
2825
2827
2828
2829
2831
2832
2833
2835
2836
2837
2839
2841
2843
2844
2845
2847
2849
2851
2852
2853
2855
2857
2859
2860
2861
2863
2864
2865
2867
2868
2869
2871
2873
2875
2876
2877
2879
2880
2881
2883
2884
2885
2887
2889
2891
2892
2893
2895
2896
2897
2899
2900
2901
2903
2905
2907
2908
2909
2911
2913
2915
2916
2917
2919
2921
2923
2924
2925
2927
2928
2929
2931
2932
2933
2935
2937
2939
2940
2941
2943
2945
2947
2948
2949
2951
2953
2955
2956
2957
2959
2960
2961
2963
2964
2965
2967
2969
2971
2972
2973
2975
2976
2977
2979
2980
2981
2983
2985
2987
2988
2989
2991
2992
2993
2995
2996
2997
2999
3001
3003
3004
3005
3007
3008
3009
3011
3012
3013
3015
3017
3019
3020
3021
3023
3025
3027
3028
3029
3031
3033
3035
3036
3037
3039
3041
3043
3044
3045
3047
3049
3051
3052
3053
3055
3056
3057
3059
3060
3061
3063
3065
3067
3068
3069
3071
3073
3075
3076
3077
3079
3081
3083
3084
3085
3087
3088
3089
3091
3092
3093
3095
3097
3099
3100
3101
3103
3105
3107
3108
3109
3111
3113
3115
3116
3117
3119
3120
3121
3123
3124
3125
3127
3129
3131
3132
3133
3135
3136
3137
3139
3140
3141
3143
3145
3147
3148
3149
3151
3152
3153
3155
3156
3157
3159
3161
3163
3164
3165
3167
3169
3171
3172
3173
3175
3177
3179
3180
3181
3183
3184
3185
3187
3188
3189
3191
3193
3195
3196
3197
3199
3201
3203
3204
3205
3207
3209
3211
3212
3213
3215
3216
3217
3219
3220
3221
3223
3225
3227
3228
3229
3231
3233
3235
3236
3237
3239
3241
3243
3244
3245
3247
3248
3249
3251
3252
3253
3255
3257
3259
3260
3261
3263
3264
3265
3267
3268
3269
3271
3273
3275
3276
3277
3279
3280
3281
3283
3284
3285
3287
3289
3291
3292
3293
3295
3297
3299
3300
3301
3303
3305
3307
3308
3309
3311
3312
3313
3315
3316
3317
3319
3321
3323
3324
3325
3327
3328
3329
3331
3332
3333
3335
3337
3339
3340
3341
3343
3344
3345
3347
3348
3349
3351
3353
3355
3356
3357
3359
3361
3363
3364
3365
3367
3369
3371
3372
3373
3375
3376
3377
3379
3380
3381
3383
3385
3387
3388
3389
3391
3392
3393
3395
3396
3397
3399
3401
3403
3404
3405
3407
3408
3409
3411
3412
3413
3415
3417
3419
3420
3421
3423
3425
3427
3428
3429
3431
3433
3435
3436
3437
3439
3440
3441
3443
3444
3445
3447
3449
3451
3452
3453
3455
3456
3457
3459
3460
3461
3463
3465
3467
3468
3469
3471
3472
3473
3475
3476
3477
3479
3481
3483
3484
3485
3487
3489
3491
3492
3493
3495
3497
3499
3500
3501
3503
3504
3505
3507
3508
3509
